# id	left	top	right	bottom	texture_id
[SPRITES]
10000	235	188	250	203	50
10001	157	188	172	203	50
10002	176	188	191	203	50
10003	196	188	211	203	50
10004	215	188	230	203	50
11000	50	0	65	15	40
12000	102	0	117	15	40
13000	48	96	63	111	40
13001	67	96	82	111	40
13002	86	96	101	111	40
13003	105	96	120	111	40
13004	47	64	62	79	40
13005	85	0	100	15	40
# ani_id	sprite1_id	time1	sprite2_id	time2	...
[ANIMATIONS]
10000	10000	1000
10001	10001	230	10002	230	10003	230	10004	230
11000	11000	100
12000	12000	100

13000	13000	100	13001	100	13002	100	13003	100
13001	13004	100
13002	13005	100