[SPRITES]
100000100	64	160	75	167	40
100000200	64	169	75	176	40
100000400	64	178	75	185	40
100000800	64	187	75	194	40
100001000	77	160	92	167	40
100002000	77	169	92	176	40
100004000	77	178	92	185	40
100008000	77	187	92	194	40
100010000	64	196	91	209	40
110000000	96	160	111	175	40
110000001	112	160	127	175	40

120000000	48	120	55	127	40

130000000	0	560	15	575	40
130000001	19	560	34	575	40

130000004	40	560	55	575	40
130000005	59	560	74	575	40

130000002	80	560	95	575	40
130000003	98	560	113	575	40

140000000	149	517	268	534	40
140000001	138	548	287	575	40
140000002	184	302	207	329	40
140000003	208	302	231	329	40
140000004	232	302	255	329	40
[ANIMATIONS]
100000100	100000100	100
100000200	100000200	100
100000400	100000400	100
100000800	100000800	100
100001000	100001000	100
100002000	100002000	100
100004000	100004000	100
100008000	100008000	100
100010000	100010000	100
110000000	110000000	75	110000001	75
120000000	120000000	100
130000000	130000000	100	130000001	100
130000002	130000002	100	130000003	100
130000004	130000004	100	130000005	100

140000000	140000000	100
140000001	140000001	100
140000002	140000002	100
140000003	140000003	100
140000004	140000004	100