# id	left	top	right	bottom	texture_id
[SPRITES]
#WALK
20000	4	13	23	30	10
20001	24	13	43	30	10

#DIE
20100	44	19	63	30	10
#DIE_BY_TAIL
20101	182	15	201	32	10

#PARA WALK
21000	5	239	24	256	10
21001	25	239	44	256	10

#PARA WING
21010	65	237	86	256	10
21011	88	237	109	256	10
21012	111	232	132	261	10
21013	135	232	156	261	10

#PARA DIE
21100	45	245	64	256	10
#PARA DIE BY TAIL
21101	159	239	178	256	10

# ani_id	sprite1_id	time1	sprite2_id	time2	...
[ANIMATIONS]
#GOOMBA
20000	20000	100	20001	100
20100	20100	100
20101	20101	100

#PARA GOOMBA
#WALK
21000	21000	100	21001	100
#DIE
21100	21100	100
21101	21101	100

21010	21010	100	21011	100
21020	21012	50	21010	50	21013	50	21011	50
21021	21012	100	21010	100	21013	100	21011	100