# id	left	top	right	bottom	texture_id
[SPRITES]
##coin
40000	48	64	61	79	40
40001	64	64	77	79	40
40002	80	64	93	79	40
40003	96	64	109	79	40
40004	112	64	125	79	40

40010	48	48	55	61	40
40011	64	48	71	61	40
40012	80	48	87	61	40
40013	96	48	103	61	40

##mushroom
140000	223	7	238	22	40
##leaf
150000	184	8	199	21	40
150001	203	8	218	21	40

# ani_id	sprite1_id	time1	sprite2_id	time2	...
[ANIMATIONS]
##coin
40000	40000	130	40001	130	40002	130	40003	130	40004	130
40010	40010	70	40011	70	40012	70	40013	70

##mushroom
140000	140000	10000

##leaf
150000	150000	10000
150001	150001	10000
