# id	left	top	right	bottom	texture_id
[SPRITES]
######GREEN########
#WALK RIGHT
30000	385	165	400	200	10
30001	363	165	378	200	10
#WALK LEFT
30010	319	165	334	200	10
30011	341	165	356	200	10
#IN SHELL
30100	94	174	109	191	10
30101	115	174	132	191	10
30102	138	174	153	191	10
30103	158	174	173	191	10
30104	179	174	194	191	10
30105	201	174	216	191	10
30106	222	174	239	191	10
30107	245	174	260	191	10
30108	265	174	280	191	10
30109	286	174	301	191	10
######RED########
#WALK RIGHT
31000	73	133	87	168	10
31001	50	133	65	168	10
#WALK LEFT
31010	6	133	21	168	10
31011	28	133	43	168	10
#IN SHELL
31100	94	142	109	159	10
31101	115	142	132	159	10
31102	138	142	153	159	10
31103	158	142	173	159	10
31104	179	142	194	159	10
31105	201	142	216	159	10
31106	222	142	239	159	10
31107	245	142	260	159	10
31108	265	142	280	159	10
31109	286	142	301	159	10
######PARA KOOPA########
#WALK RIGHT
32000	343	229	358	264	10
32002	322	229	337	264	10
32001	301	229	316	264	10
32003	279	228	294	265	10
#WALK LEFT
32010	192	229	207	264	10
32012	213	229	228	264	10
32011	234	229	249	264	10
32013	256	228	271	265	10


# ani_id	sprite1_id	time1	sprite2_id	time2	...
[ANIMATIONS]
######GREEN########
#WALK
30000	30000	100	30001	100
30010	30010	100	30011	100
#IN SHELL
30100	30100	100
30110	30105	100
#SPINNING
30200	30100	50	30102	50	30103	50	30104	50
30210	30105	50	30107	50	30108	50	30109	50
#REVIVING
30300	30100	500	30101	500
30310	30105	500	30106	500
#DIE
30400	30105	100
####RED########
#WALK
31000	31000	100	31001	100
31010	31010	100	31011	100
#IN SHELL
31100	31100	100
31110	31105	100
#SPINNING
31200	31100	50	31102	50	31103	50	31104	50
31210	31105	50	31107	50	31108	50	31109	50
#REVIVING
31300	31100	500	31101	500
31310	31105	500	31106	500
#DIE
31400	31105	100
####PARA#####
32000	32000	100	32001	100	32002	100	32003	100
32010	32010	100	32011	100	32012	100	32013	100
