# id	left	top	right	bottom	texture_id
[SPRITES]
#####  BIG ###############
#IDLE
01000	1029	93	1042	120	0
01010	1	93	14	120	0

#WALKING RIGHT
01100	1009	93	1024	120	0
01101 	991	92	1006	119	0

#WALKING LEFT
01110	19	93	34	120	0
01111	37	92	52	119	0

#RUNNING RIGHT FULL
01300	934	132	955	159	0
01301	908	132	929	159	0
01302	883	132	904	195	0

#RUNNING LEFT FULL
01310	799	132	820	159	0
01311	825	132	846	159	0
01312 	850	132	871	159	0

#JUMP UP RIGHT & LEFT
1400	955	93	972	120	0
1410	73	93	90	120	0

#JUMP DOWN RIGHT & LEFT
1500	991	93	1008	120	0
1510	37	93	54	120	0

#JUMP FULL RIGHT & LEFT
1600	991	93	1008	120	0
1610	37	93	54	120	0
#SIT RIGHT & LEFT 
1700	975	102	990	119	0
1710	54	102	69	119	0

#BRACE RIGHT & LEFT 
1800	833	92	850	119	0
1810	195	92	212	119	0

#DIE
3000	307	16	326	33	0

############ SMALL ################
 #IDLE
0	1029	17	1042	32	0
10	3	17	16	32	0

#WALK RIGHT
100	955	16	972	31	0
101	1009	16	1024	31	0

#WALK LEFT
110	73	16	90	31	0
111	20	16	35	31	0

#RUN FULL RIGHT
300	275	0	290	15	0
301	306	0	321	15	0
302	335	0	350	15	0

#RUN FULL LEFT
310	155	0	170	15	0
311	125	0	140	15	0
312	95	0	110	15	0

#BRACE RIGHT & LEFT
800	110	16	123	31	0
810	920	16	933	31	0

#JUMP RIGHT & LEFT 
400	991	16	1006	31	0
410	37	16	52	31	0

#JUMP FULL RIGHT & LEFT 
600	937	16	952	31	0
610	91	16	106	31	0

############ RACOON ################
#IDLE
2000	4	244	29	273	0
2010	4	212	29	241	0

#WALKING RIGHT
2100	58	244	85	273	0
2101 	119	243	148	272	0 

#WALKING LEFT
2110	58	212	85	241 	0
2111	118	211	147	240	0

#RUNNING RIGHT FULL
2300	407	244	438	273	0
2301	465	244	496	273	0
2302	522	243	553	272	0

#RUNNING LEFT FULL
2310	408	212	439	241	0
2311	464	212	495	241	0
2312 	521	211	552	240	0

#JUMP RIGHT & LEFT
2400	233	243	262	272	0
2410	235	211	264	240	0


#FALL RIGHT & LEFT
2500	294	243	323	272	0
2510	292	211	321	240	0

#JUMP FULL RIGHT & LEFT
2600	577	244	608	273	0
2610	576	212	607	241	0

#FALL FULL RIGHT & LEFT
2601	706	244	737	273	0
2611	704	212	735	241	0

#SIT RIGHT & LEFT 
2700	177	254	204	271	0
2710	178	222	205	239	0

#BRACE RIGHT & LEFT 
2800	768	210	785	241	0
2810	768	242	785	273	0


# ani_id	sprite1_id	time1	sprite2_id	time2	...
[ANIMATIONS]
01000	01000	100
1010	1010	100

#WALKING RIGHT & LEFT 
1100	1000	100	1100	100	1101	100
1110	1010	100	1110	100	1111	100

#RUNNING RIGHT & LEFT
1200	1000	50	1100	50	1101	50
1210	1010	50	1110	50	1111	50

#RUNNING FULL
1300	1300	50	1301	50	1302	50
1310	1310	50	1311	50	1312	50
#JUMP
1400	1400	100
1410	1410	100

#FALL
1500	1500	100
1510	1510	100

#JUMP FULL
1600	1600	100
1610	1610	100

#SIT RIGHT & LEFT 
1700	1700	100
1710	1710	100

#BRACE RIGHT & LEFT 
1800	1800	100
1810	1810	100

#DIE
3000	3000	100

################### SMALL #################
0	0	100
10	10	100


#WALK LEFT & RIGHT 
100	0	100	100	100	101	100
110	10	100	110	100	111	100

#RUNNING LEFT & RIGHT 
200	0	50	100	50	101	50
210	10	50	110	50	111	50

#RUN FULL LEFT & RIGHT
300	300	50	301	50	302	50
310	310	50	311	50	312	50

#BRACE LEFT & RIGHT
800	800	100
810	810	100

#JUMP 
400	400	100
410	410	100

#JUMP FULL 
600	600	100
610	610	100

################### HAS TAIL #################
#IDLE LEFT & RIGHT
2000	2000	100
2010	2010	100

#WALK LEFT & RIGHT
2100	2000	100	2100	100	2101	100
2110	2010	100	2110	100	2111	100

#RUN LEFT & RIGHT
2200	2000	50	2100	50	2101	50
2210	2010	50	2110	50	2111	50

#RUN FULL LEFT & RIGHT
2300	2300	50	2301	50	2302	50
2310	2310	50	2311	50	2312	50

#JUMP
2400	2400	100
2410	2410	100

#FALL
2500	2500	100
2510	2510	100

#JUMP FULL
2600	2600	100
2610	2610	100

#SIT RIGHT & LEFT 
2700	2700	100
2710	2710	100

#BRACE RIGHT & LEFT 
2800	2800	100
2810	2810	100
