# list of object assets to load in this scene
[ASSETS]
mario.txt
brick.txt
item.txt
goomba.txt
cloud.txt
platform.txt
block.txt
pipe.txt
venus.txt
fire-bullet.txt
piranha.txt
koopas.txt
background.txt
hud.txt
#
[OBJECTS]
# type	x	y	extra_settings per object type
# type:
# 0 = Mario 
# 1 = Brick
# 2 = Goomba
# 3 = Koopas
# 4 = Coin
# 5 = Cloud
# 6 = Platform:	cell_width	cell_height	length	thick	spritesID (6)
# 7 = Block:	cell_width	cell_height	width	height	9 cellIDs	4 shadowCellIds
# 8 = Pipe
# 9 = Red Venus Fire Trap
# 10 = Green Venus Fire Trap
# 11 = Fire Bullet
# 12 = Piranha Plant
# 13 = Question Brick
# 50 = Portal: r	b	sceneID
# See OBJECT_TYPE constants in AssetIDs.h

# MARIO
0	20	350
#Portal 
50	300	110	316	140	2


#Platform
6	15	423	16	16	39	1	60000	60001	60002	60003	60004	60005
6	639	407	16	16	29	2 	60000	60001	60002	60003	60004	60005
6	1167 	423	16	16	22	1	60000	60001	60002	60003	60004	60005
6	1551	423	16	16	5	1	60000	60001	60002	60003	60004	60005
6	1679	423	16	16	36	1	60000	60001	60002	60003	60004	60005
6	2271	423	16	16	35	1	60000	60001	60002	60003	60004	60005
#WOODEN BLOCK
1	1519	343	1
1	1535	343	1
1	1583	407	1
1	1599	407	1
1	1614	407	1
1	1599	391	1
1	1614	391	1
1	1614	375	1
1	1679	407	1
1	1679	391	1
1	1679	375	1
1	1695	407	1
1	1695	391	1
1	1711	407	1
#PIPE
8	2343	391	2
8	2279	375	3
8	2279	119	12
#WOODEN BLOCK
1	2271	375	1
1	2287	375	1
1	2271	311	1
1	2287	311	1
#Block
##white
7	523	307	8	8	8	14	73000	74000	0
##blue
7	283	339	8	8	6	10	71000	74000	0
7	1339	323	8	8	14	12	71000	74000	0
##pink
7	251	371	8	8	6	6	70000	74000	0
7	475	339	8	8	8	10	70000	74000	0
7	1323	147	8	8	8	4	70000	74000	1
7	1307	355	8	8	14	8	70000	74000	0

##green
7	2187	275	8	8	6	18	72000	74000	0
7	1275	387	8	8	14	4	72000	74000	0
7	523	387	8	8	12	4	72000	74000	0
7	411	371	8	8	10	6	72000	74000	0
##pink
7	2155	371	8	8	6	6	70000	74000	0

#Question Brick
13	191	359	0
13	207	359	0
13	239	311	0
13	255	311	1
13	431	327	0
13	671	391	1
13	719	359	0
13	1487	375	1
#Coin
4	1087	327
4	1119	295
4	1151	263
4	1183	231
4	1215	199
4	1343	87
4	1359	87
4	1375	87
4	1487	119
4	1503	119
4	1551	135
4	1567	135
4	1583	135
4	1599	135
4	1631	119
4	1647	119
4	1663	119
4	1679	119
4	1711	151
4	1743	119 
4	1775	135
4	1823	103
4	1855	135
#Goomba
2	239	407	0
2	543	407	0
2	847	391	0
2	895	391	0
#ParaGoomba
2	960	391	1
#Red Venus Fire Trap
9	375	351	4	3	80000	80001
#Piranha Plant
12	1815	371	3	2	80000	80001
#Green Venus Fire Trap
10	1879	355	3	3	80000	80001
#GREEN KOOPA
3	1487	402	0
#RED KOOPA
3	591	371	1